classifier/positive/1629226667.jpg 5 370 236 108 155 445 202 59 80 1104 171 64 93 1783 159 126 212 1758 155 97 134
classifier/positive/1629226671.jpg 4 454 152 148 198 712 83 57 82 959 118 103 122 1436 348 344 422
classifier/positive/1629226675.jpg 7 112 131 126 175 248 80 56 91 935 139 105 179 1103 109 47 77 1347 105 53 94 1453 202 146 168 1665 136 75 96
classifier/positive/1629226679.jpg 3 23 2 164 176 907 1 119 172 1455 51 136 177
classifier/positive/1629226707.jpg 2 843 94 219 312 1743 245 166 247
classifier/positive/1629226711.jpg 2 582 116 278 275 1336 104 188 220
classifier/positive/1629226717.jpg 3 589 98 193 245 1164 0 82 89 1840 118 70 162
classifier/positive/1629226723.jpg 2 435 133 303 388 1080 1 97 55
classifier/positive/1629226726.jpg 1 705 102 278 300
classifier/positive/1629226730.jpg 3 0 10 37 137 458 61 163 254 1019 120 274 309
classifier/positive/1629226735.jpg 3 791 0 83 44 963 46 178 222 1242 220 234 297
classifier/positive/1629226744.jpg 3 738 1 102 151 1316 316 276 279 1553 1 92 50
classifier/positive/1629226752.jpg 1 547 18 153 235
classifier/positive/1629226760.jpg 2 547 23 151 222 1224 53 163 211
classifier/positive/1629226765.jpg 2 360 104 218 285 1226 1 75 25
classifier/positive/1629226769.jpg 1 505 56 230 287
classifier/positive/1629226771.jpg 1 503 81 237 261
classifier/positive/1629226776.jpg 1 1183 0 147 170
classifier/positive/1629226780.jpg 1 680 2 185 254
classifier/positive/1629226784.jpg 3 1344 144 231 315 1715 1 104 64 273 0 89 38
classifier/positive/1629226791.jpg 2 347 105 226 320 1486 0 149 207
classifier/positive/1629226947.jpg 3 1035 487 340 410 835 35 121 180 133 1 93 86
classifier/positive/1629226952.jpg 3 223 341 347 366 700 0 87 92 1712 1 105 100
classifier/positive/1629226959.jpg 2 1126 2 156 199 1530 257 245 291
classifier/positive/1629226965.jpg 2 317 130 258 389 907 0 139 246
classifier/positive/1629226973.jpg 1 875 48 179 211
classifier/positive/1629226978.jpg 2 1528 140 180 290 1350 1 106 84
classifier/positive/1629226984.jpg 1 396 80 224 283
classifier/positive/1629226990.jpg 2 1507 89 259 267 3 26 136 196
classifier/positive/1629226995.jpg 2 829 79 171 227 325 56 176 225
classifier/positive/1629227000.jpg 1 855 42 177 214
classifier/positive/1629227004.jpg 1 212 140 253 310
classifier/positive/1629227008.jpg 1 985 2 162 211
classifier/positive/1629227013.jpg 1 473 147 212 252
classifier/positive/1629227016.jpg 1 487 156 197 241
classifier/positive/1629227022.jpg 1 287 39 197 335
classifier/positive/1629227028.jpg 2 508 70 185 288 1706 1 150 137
classifier/positive/1629227032.jpg 1 1510 130 286 282
classifier/positive/1629227040.jpg 1 1328 70 247 279
classifier/positive/1629227044.jpg 1 656 31 146 222
classifier/positive/1629227048.jpg 1 1234 103 219 243
classifier/positive/1629227054.jpg 2 1472 226 277 271 1205 0 160 212
classifier/positive/1629227062.jpg 2 1587 62 244 315 5 92 272 294
