classifier/positive_rf/1629306065.jpg 7 90 157 84 76 448 346 280 360 897 230 123 155 752 212 103 111 716 112 55 62 1112 137 48 67 1312 223 88 117
classifier/positive_rf/1629306072.jpg 5 203 215 129 221 16 22 82 73 794 79 78 90 1306 81 104 109 1349 200 135 160
classifier/positive_rf/1629306075.jpg 7 522 238 103 151 1046 67 62 81 1479 107 97 94 1420 247 120 146 439 1 58 57 77 3 60 37 252 65 62 60
classifier/positive_rf/1629306078.jpg 2 752 226 84 123 1703 556 164 184
classifier/positive_rf/1629306080.jpg 7 837 227 113 126 122 711 273 272 256 82 68 102 592 36 43 69 1098 38 52 65 1204 68 48 80 1361 43 51 74
classifier/positive_rf/1629306083.jpg 3 855 215 98 113 685 39 102 104 1132 98 97 106
classifier/positive_rf/1629306086.jpg 4 915 355 131 134 1182 101 93 131 1491 331 136 148 370 0 69 84
classifier/positive_rf/1629306089.jpg 4 3 278 111 145 925 101 81 93 1365 183 121 111 1395 80 122 102
classifier/positive_rf/1629306091.jpg 1 1084 272 102 133
classifier/positive_rf/1629306094.jpg 8 1071 218 85 112 1287 561 226 271 1431 88 77 88 1639 25 83 71 1206 0 51 52 364 119 75 68 168 179 117 104 86 72 60 73
classifier/positive_rf/1629306098.jpg 5 618 179 106 109 66 95 74 95 1414 73 63 71 1561 226 124 130 1606 468 150 197
classifier/positive_rf/1629306102.jpg 6 82 116 51 64 261 296 119 153 664 67 45 63 1164 151 74 88 1584 207 114 117 1237 368 139 200
classifier/positive_rf/1629306106.jpg 3 873 188 104 112 1407 262 130 121 1061 374 119 151
classifier/positive_rf/1629306109.jpg 4 630 338 127 154 713 130 66 88 820 53 57 76 280 32 71 73
classifier/positive_rf/1629306116.jpg 4 681 221 99 118 166 828 183 155 821 66 61 94 1633 66 115 114
classifier/positive_rf/1629306125.jpg 3 796 222 110 137 272 137 81 135 207 12 82 72
classifier/positive_rf/1629306129.jpg 4 223 259 115 111 1293 275 125 174 1641 200 101 122 1147 86 43 59
classifier/positive_rf/1629306133.jpg 3 1242 332 118 176 1322 186 80 107 687 57 83 90
classifier/positive_rf/1629306147.jpg 5 938 276 100 145 1386 213 78 86 1241 91 55 65 570 117 57 66 0 212 48 68
classifier/positive_rf/1629306151.jpg 3 795 143 62 99 293 578 235 271 1421 252 114 106
classifier/positive_rf/1629306155.jpg 2 1023 249 106 137 1256 104 57 73
classifier/positive_rf/1629306158.jpg 1 887 148 98 118
classifier/positive_rf/1629306162.jpg 1 1189 530 140 274
classifier/positive_rf/1629306164.jpg 1 1249 427 147 224
classifier/positive_rf/1629306168.jpg 3 779 227 57 81 610 655 151 171 180 228 81 89
classifier/positive_rf/1629306170.jpg 2 1308 592 137 197 51 385 96 122
